Theta_now,V_trans,Lmot_RPM,Rmot_RPM,Output_lmot,Output_rmot,DN_Lmot,DN_Rmot
-2.22,0.00,0.00,0.00,-37.00,-37.00,0,0
-2.27,0.00,0.00,0.00,-35.00,-35.00,0,0
-2.33,0.00,0.00,0.00,0.00,0.00,0,0
-2.39,0.00,0.00,0.00,0.00,0.00,0,0
-2.37,0.00,0.00,0.00,0.00,0.00,0,0
-2.37,0.00,0.00,0.00,0.00,0.00,0,0
-2.38,0.00,0.00,0.00,0.00,0.00,0,0
-2.36,0.00,0.00,0.00,0.00,0.00,0,0
-2.33,0.00,0.00,0.00,0.00,0.00,0,0
-2.30,0.00,0.00,0.00,0.00,0.00,0,0
-2.27,0.00,0.00,0.00,-37.00,-37.00,0,0
-2.26,0.00,0.00,0.00,-36.00,-36.00,1,0
-2.29,0.00,0.00,0.00,-35.00,-35.00,1,0
-2.57,0.00,0.00,0.00,0.00,0.00,2,0
-2.64,0.00,0.00,0.00,0.00,0.00,2,0
-2.64,0.00,0.00,0.00,0.00,0.00,2,1
-2.61,0.00,0.00,0.00,0.00,0.00,2,1
-2.63,0.00,0.00,0.00,0.00,0.00,2,1
-2.62,0.00,0.00,0.00,0.00,0.00,2,1
-2.63,0.00,0.00,0.00,0.00,0.00,2,1
-2.62,0.00,0.00,0.00,0.00,0.00,2,1
-2.61,0.00,0.00,0.00,0.00,0.00,2,1
-2.60,0.00,0.00,0.00,0.00,0.00,2,1
-2.58,0.00,0.00,0.00,0.00,0.00,2,1
-2.56,0.00,0.00,0.00,0.00,0.00,2,1
-2.54,0.00,0.00,0.00,0.00,0.00,2,1
-2.52,0.00,0.00,0.00,0.00,0.00,2,1
-2.50,0.00,0.00,0.00,0.00,0.00,2,1
-2.48,0.00,0.00,0.00,0.00,0.00,2,1
-2.46,0.00,0.00,0.00,0.00,0.00,2,1
-2.45,0.00,0.00,0.00,0.00,0.00,2,1
-2.43,0.00,0.00,0.00,0.00,0.00,2,1
-2.42,0.00,0.00,0.00,0.00,0.00,2,1
-2.41,0.00,0.00,0.00,0.00,0.00,2,1
-2.39,0.00,0.00,0.00,0.00,0.00,2,1
-2.37,0.00,0.00,0.00,0.00,0.00,2,1
-2.35,0.00,0.00,0.00,0.00,0.00,2,1
-2.33,0.00,0.00,0.00,0.00,0.00,2,1
-2.30,0.00,0.00,0.00,0.00,0.00,2,1
-2.27,0.00,0.00,0.00,-37.00,-37.00,2,1
-2.21,0.00,0.00,0.00,-39.00,-39.00,2,1
-2.14,0.00,0.00,0.00,-41.00,-41.00,2,1
-2.12,0.00,0.00,0.00,-40.00,-40.00,3,1
-2.16,0.00,0.00,0.00,-38.00,-38.00,3,2
-2.05,0.00,0.00,0.00,-43.00,-43.00,3,3
-2.08,0.00,0.00,0.00,-41.00,-41.00,3,3
-2.15,0.00,0.00,0.00,-37.00,-37.00,3,4
-2.19,0.00,0.00,0.00,-37.00,-37.00,3,4
-2.25,0.00,0.00,0.00,-35.00,-35.00,4,5
-2.33,0.00,0.00,0.00,0.00,0.00,4,5
-2.30,0.00,0.00,0.00,0.00,0.00,0,0
-2.31,0.00,0.00,0.00,0.00,0.00,0,0
-2.32,0.00,0.00,0.00,0.00,0.00,0,0
-2.35,0.00,0.00,0.00,0.00,0.00,0,0
-2.37,0.00,0.00,0.00,0.00,0.00,0,0
-2.42,0.00,0.00,0.00,0.00,0.00,0,0
-2.47,0.00,0.00,0.00,0.00,0.00,0,0
-2.52,0.00,0.00,0.00,0.00,0.00,0,0
-2.54,0.00,0.00,0.00,0.00,0.00,0,0
-2.58,0.00,0.00,0.00,0.00,0.00,0,0
-2.61,0.00,0.00,0.00,0.00,0.00,0,0
-2.63,0.00,0.00,0.00,0.00,0.00,0,0
-2.64,0.00,0.00,0.00,0.00,0.00,0,0
-2.65,0.00,0.00,0.00,0.00,0.00,0,0
-2.67,0.00,0.00,0.00,0.00,0.00,0,0
-2.67,0.00,0.00,0.00,0.00,0.00,0,0
-2.67,0.00,0.00,0.00,0.00,0.00,0,0
-2.67,0.00,0.00,0.00,0.00,0.00,0,0
-2.66,0.00,0.00,0.00,0.00,0.00,0,0
-2.66,0.00,0.00,0.00,0.00,0.00,0,0
-2.66,0.00,0.00,0.00,0.00,0.00,0,0
-2.66,0.00,0.00,0.00,0.00,0.00,0,0
-2.67,0.00,0.00,0.00,0.00,0.00,0,0
-2.68,0.00,0.00,0.00,0.00,0.00,0,0
-2.70,0.00,0.00,0.00,38.00,38.00,0,0
-2.72,0.00,0.00,0.00,39.00,39.00,0,0
-2.79,0.00,0.00,0.00,43.00,43.00,0,0
-2.89,0.00,0.00,0.00,47.00,47.00,-1,-1
-2.61,0.00,0.00,0.00,36.00,36.00,-2,-1
-2.40,0.00,0.00,0.00,0.00,0.00,-3,-2
-2.21,0.00,0.00,0.00,0.00,0.00,-3,-3
-2.22,0.00,0.00,0.00,0.00,0.00,-4,-3
-2.36,0.00,0.00,0.00,0.00,0.00,-4,-3
-2.48,0.00,0.00,0.00,0.00,0.00,-4,-3
-2.56,0.00,0.00,0.00,41.00,41.00,-4,-3
-2.56,0.00,0.00,0.00,40.00,40.00,-4,-3
-2.59,0.00,0.00,0.00,39.00,39.00,-4,-4
-2.54,0.00,0.00,0.00,37.00,37.00,-4,-4
-2.49,0.00,0.00,0.00,0.00,0.00,-4,-4
-2.51,0.00,0.00,0.00,0.00,0.00,-4,-4
-2.49,0.00,0.00,0.00,0.00,0.00,-4,-4
-2.44,0.00,0.00,0.00,0.00,0.00,-4,-4
-2.39,0.00,0.00,0.00,0.00,0.00,-4,-4
-2.32,0.00,0.00,0.00,0.00,0.00,-4,-4
-2.23,0.00,0.00,0.00,0.00,0.00,-4,-4
-2.15,0.00,0.00,0.00,0.00,0.00,-4,-4
-2.04,0.00,0.00,0.00,-40.00,-40.00,-4,-4
-1.99,0.00,0.00,0.00,-43.00,-43.00,-4,-4
-1.87,0.00,0.00,0.00,-47.00,-47.00,-3,-3
-1.74,0.00,0.00,0.00,-53.00,-53.00,-2,-2
-2.36,0.00,0.00,0.00,0.00,0.00,-1,-1
-2.61,0.00,0.00,0.00,0.00,0.00,-1,-1
-2.75,0.00,0.00,0.00,46.00,46.00,0,-1
-2.64,0.00,0.00,0.00,0.00,0.00,0,-1
-2.54,0.00,0.00,0.00,0.00,0.00,0,-1
-2.46,0.00,0.00,0.00,0.00,0.00,0,-1
-2.40,0.00,0.00,0.00,0.00,0.00,0,-1
-2.38,0.00,0.00,0.00,0.00,0.00,0,-1
-2.40,0.00,0.00,0.00,0.00,0.00,0,-1
-2.51,0.00,0.00,0.00,0.00,0.00,0,-1
-2.56,0.00,0.00,0.00,0.00,0.00,0,-1
-2.65,0.00,0.00,0.00,40.00,40.00,0,-1
-2.70,0.00,0.00,0.00,42.00,42.00,-1,-1
-2.80,0.00,0.00,0.00,46.00,46.00,-1,-2
-2.77,0.00,0.00,0.00,45.00,45.00,-2,-2
-2.30,-0.00,-0.13,0.00,0.00,0.00,-3,-3
-1.98,-0.01,-0.16,0.00,-51.00,-51.00,-4,-3
-1.78,-0.00,-0.14,0.00,-52.00,-52.00,-4,-4
-1.85,-0.00,-0.11,0.00,-45.00,-45.00,-3,-3
-2.31,0.00,0.00,0.00,0.00,0.00,-3,-3
-2.60,0.00,0.00,0.00,48.00,48.00,-2,-2
-2.82,0.00,0.00,0.00,52.00,52.00,-2,-3
-2.93,0.00,0.00,0.00,52.00,52.00,-2,-3
-2.55,0.00,0.00,0.00,-32.00,-32.00,-3,-4
-2.18,0.00,0.00,0.00,0.00,0.00,-3,-4
-1.98,0.00,0.00,0.00,-46.00,-46.00,-3,-4
-1.96,0.00,0.00,0.00,-43.00,-43.00,-3,-4
-2.02,0.00,0.00,0.00,-39.00,-39.00,-2,-3
-2.40,0.00,0.00,0.00,0.00,0.00,-2,-2
-2.54,0.00,0.00,0.00,0.00,0.00,-1,-2
-2.61,0.00,0.00,0.00,40.00,40.00,-1,-2
-2.45,0.00,0.00,0.00,0.00,0.00,-2,-2
-2.37,0.00,0.00,0.00,0.00,0.00,-2,-2
-2.28,0.00,0.00,0.00,0.00,0.00,-3,-2
-2.22,0.00,0.00,0.00,0.00,0.00,-3,-2
-2.19,0.00,0.00,0.00,0.00,0.00,-3,-2
-2.11,0.00,0.00,0.00,-41.00,-41.00,-3,-2
-1.86,0.00,0.00,0.00,-57.00,-57.00,-3,-2
-1.46,0.00,0.00,0.00,-79.00,-79.00,-2,-1
-1.76,0.00,0.00,0.00,-61.00,-61.00,-1,-1
-1.32,0.00,0.00,0.00,-88.00,-88.00,0,0
-1.18,0.00,0.14,0.00,-93.00,-93.00,0,0
-0.52,0.01,0.22,0.12,-120.00,-120.00,2,1
-0.04,0.02,0.37,0.27,-141.00,-141.00,4,3
0.11,0.03,0.57,0.46,-146.00,-146.00,6,5
0.16,0.05,0.85,0.75,-153.00,-153.00,10,9
-0.01,0.07,1.17,1.06,-153.00,-153.00,14,13
-0.08,0.10,1.58,1.48,-150.00,-150.00,20,19
-0.23,0.13,2.01,1.95,-179.00,-179.00,26,25
-0.79,0.16,2.48,2.42,-172.00,-172.00,33,32
-1.07,0.20,3.06,2.99,-181.00,-181.00,42,41
-1.97,0.23,3.64,3.59,-172.00,-172.00,52,51
-2.77,0.28,4.32,4.23,-161.00,-161.00,63,62
-3.82,0.32,4.96,4.86,-157.00,-157.00,74,73
-5.05,0.37,5.70,5.56,-150.00,-150.00,87,85
-6.07,0.41,6.34,6.17,-146.00,-146.00,100,98
-7.47,0.45,7.09,6.88,-127.00,-127.00,115,112
-8.57,0.49,7.71,7.50,-120.00,-120.00,129,126
-10.09,0.54,8.44,8.18,-89.00,-89.00,145,141
-11.65,0.58,9.02,8.69,-60.00,-60.00,160,155
-13.62,0.62,9.64,9.30,30.00,30.00,176,170
-15.70,0.64,10.11,9.73,78.00,78.00,191,184
-18.21,0.67,10.47,10.06,138.00,138.00,205,198
-18.27,0.68,10.63,10.19,82.00,82.00,218,210
-17.85,0.67,10.62,10.15,35.00,35.00,228,220
-17.43,0.67,10.51,10.01,0.00,0.00,238,229
-16.86,0.65,10.34,9.80,-59.00,-59.00,247,237
-16.80,0.65,10.23,9.67,-54.00,-54.00,257,246
-16.93,0.64,10.14,9.54,-37.00,-37.00,267,255
-17.37,0.64,10.10,9.46,0.00,0.00,277,264
-18.09,0.63,10.01,9.35,75.00,75.00,287,273
-18.41,0.62,9.96,9.22,81.00,81.00,297,281
-18.51,0.61,9.78,8.97,69.00,69.00,305,288
-18.27,0.59,9.56,8.69,49.00,49.00,313,294
-18.19,0.57,9.25,8.32,45.00,45.00,320,299
-17.39,0.55,8.94,7.94,0.00,0.00,326,304
-17.05,0.53,8.64,7.55,-52.00,-52.00,332,308
-16.97,0.51,8.42,7.25,-44.00,-44.00,339,313
-17.43,0.49,8.23,6.98,0.00,0.00,346,318
-18.13,0.48,8.09,6.75,76.00,76.00,353,323
-18.47,0.47,7.90,6.51,83.00,83.00,359,327
-18.33,0.45,7.58,6.21,69.00,69.00,364,331
-18.20,0.43,7.25,5.88,52.00,52.00,369,334
-18.11,0.40,6.84,5.48,49.00,49.00,372,336
-18.01,0.37,6.44,5.10,44.00,44.00,375,337
-17.79,0.35,6.03,4.71,45.00,45.00,377,338
-17.67,0.32,5.62,4.33,50.00,50.00,379,339
-17.44,0.30,5.22,3.95,46.00,46.00,381,340
-17.40,0.27,4.82,3.55,54.00,54.00,382,340
-17.30,0.25,4.41,3.20,60.00,60.00,383,340
-17.25,0.22,3.99,2.88,67.00,67.00,383,340
-17.36,0.20,3.59,2.57,82.00,82.00,383,340
-17.47,0.18,3.19,2.28,93.00,93.00,382,339
-17.87,0.16,2.82,2.01,113.00,113.00,382,339
-17.88,0.13,2.40,1.71,117.00,117.00,380,338
-17.91,0.11,1.97,1.41,120.00,120.00,378,336
-17.79,0.08,1.50,1.06,112.00,112.00,375,334
-17.41,0.06,1.02,0.70,109.00,109.00,372,331
-17.50,0.03,0.58,0.37,118.00,118.00,368,328
-17.23,0.00,0.00,0.00,113.00,113.00,363,325
-16.80,-0.03,-0.48,-0.38,105.00,105.00,358,321
-16.20,-0.06,-1.00,-0.77,90.00,90.00,352,316
-15.91,-0.09,-1.47,-1.15,88.00,88.00,346,311
-15.62,-0.11,-1.99,-1.51,90.00,90.00,339,306
-15.35,-0.14,-2.38,-1.83,89.00,89.00,333,301
-15.05,-0.16,-2.79,-2.17,90.00,90.00,326,296
-14.78,-0.18,-3.15,-2.48,85.00,85.00,319,290
-14.63,-0.21,-3.53,-2.83,89.00,89.00,312,284
-15.07,-0.22,-3.82,-3.09,113.00,113.00,305,278
-15.36,-0.25,-4.15,-3.42,127.00,127.00,297,271
-15.29,-0.27,-4.46,-3.72,122.00,122.00,289,264
-14.79,-0.29,-4.84,-4.09,99.00,99.00,281,257
-14.44,-0.31,-5.21,-4.47,100.00,100.00,272,248
-14.46,-0.34,-5.55,-4.78,108.00,108.00,263,240
-14.12,-0.36,-5.90,-5.11,111.00,111.00,253,232
-13.94,-0.38,-6.21,-5.41,123.00,123.00,244,223
-13.18,-0.40,-6.59,-5.75,115.00,115.00,233,214
-12.51,-0.42,-6.88,-6.08,113.00,113.00,223,204
-11.82,-0.44,-7.24,-6.45,255.00,255.00,212,194
-10.45,-0.47,-7.66,-6.80,255.00,255.00,200,183
-7.68,-0.51,-8.32,-7.43,255.00,255.00,184,169
-3.67,-0.56,-9.03,-8.11,97.00,97.00,168,154
-0.12,-0.61,-9.91,-8.94,-85.00,-85.00,149,136
3.73,-0.65,-10.54,-9.55,-202.00,-202.00,132,121
6.49,-0.67,-10.91,-9.85,-255.00,-255.00,118,108
6.48,-0.66,-10.68,-9.63,-168.00,-168.00,110,101
3.87,-0.62,-10.09,-9.00,58.00,58.00,105,98
0.64,-0.58,-9.44,-8.33,197.00,197.00,101,96
-2.07,-0.55,-9.00,-7.89,255.00,255.00,96,91
-1.52,-0.54,-8.79,-7.77,170.00,170.00,88,84
-1.11,-0.54,-8.74,-7.76,112.00,112.00,79,76
-0.46,-0.55,-8.91,-7.88,85.00,85.00,68,66
0.39,-0.55,-9.00,-8.02,49.00,49.00,58,56
1.21,-0.57,-9.19,-8.20,-33.00,-33.00,46,46
1.97,-0.57,-9.27,-8.28,0.00,0.00,36,37
2.67,-0.58,-9.34,-8.36,-77.00,-77.00,25,27
3.02,-0.57,-9.29,-8.31,-81.00,-81.00,16,19
2.29,-0.57,-9.22,-8.19,37.00,37.00,7,12
1.56,-0.55,-9.06,-8.01,60.00,60.00,0,5
0.77,-0.55,-8.96,-7.92,98.00,98.00,-8,-2
0.32,-0.54,-8.90,-7.82,117.00,117.00,-17,-9
0.63,-0.54,-8.86,-7.80,91.00,91.00,-26,-17
1.31,-0.54,-8.86,-7.81,76.00,76.00,-36,-26
2.10,-0.55,-8.95,-7.86,40.00,40.00,-46,-34
2.93,-0.55,-9.03,-7.93,42.00,42.00,-56,-43
3.75,-0.55,-9.06,-7.97,-31.00,-31.00,-66,-52
4.80,-0.56,-9.10,-8.03,-52.00,-52.00,-76,-61
6.09,-0.55,-9.02,-7.94,-90.00,-90.00,-84,-68
5.82,-0.54,-8.93,-7.84,0.00,0.00,-92,-75
5.49,-0.53,-8.73,-7.65,53.00,53.00,-100,-82
5.59,-0.52,-8.59,-7.50,50.00,50.00,-108,-88
5.77,-0.52,-8.47,-7.39,48.00,48.00,-115,-95
6.40,-0.51,-8.38,-7.32,-30.00,-30.00,-123,-102
7.40,-0.50,-8.24,-7.21,0.00,0.00,-130,-108
8.45,-0.49,-8.08,-7.10,-101.00,-101.00,-137,-115
8.28,-0.48,-7.87,-6.89,-74.00,-74.00,-144,-120
8.22,-0.46,-7.65,-6.66,-39.00,-39.00,-149,-125
7.77,-0.45,-7.34,-6.37,0.00,0.00,-154,-128
7.60,-0.43,-7.08,-6.07,40.00,40.00,-159,-132
7.66,-0.41,-6.80,-5.78,36.00,36.00,-164,-136
8.00,-0.40,-6.60,-5.57,0.00,0.00,-168,-139
8.21,-0.38,-6.41,-5.40,0.00,0.00,-174,-143
8.79,-0.37,-6.25,-5.17,-68.00,-68.00,-179,-147
9.31,-0.36,-6.07,-4.98,-83.00,-83.00,-183,-150
9.62,-0.34,-5.85,-4.72,-82.00,-82.00,-187,-152
9.41,-0.32,-5.57,-4.37,-61.00,-61.00,-190,-153
9.22,-0.30,-5.23,-4.00,-57.00,-57.00,-192,-154
8.92,-0.27,-4.85,-3.60,-49.00,-49.00,-194,-154
8.58,-0.25,-4.48,-3.22,-45.00,-45.00,-195,-154
8.51,-0.23,-4.13,-2.85,-53.00,-53.00,-196,-153
8.40,-0.21,-3.79,-2.54,-59.00,-59.00,-197,-153
8.39,-0.19,-3.43,-2.29,-65.00,-65.00,-197,-153
8.53,-0.17,-3.07,-2.03,-79.00,-79.00,-197,-153
8.59,-0.15,-2.74,-1.78,-88.00,-88.00,-196,-152
8.66,-0.13,-2.39,-1.56,-97.00,-97.00,-195,-152
8.91,-0.11,-2.05,-1.30,-105.00,-105.00,-194,-151
8.98,-0.09,-1.71,-1.05,-116.00,-116.00,-193,-149
8.88,-0.07,-1.32,-0.76,-119.00,-119.00,-190,-147
8.51,-0.04,-0.93,-0.44,-110.00,-110.00,-188,-144
8.16,-0.02,-0.53,0.00,-104.00,-104.00,-184,-141
7.64,0.01,-0.12,0.36,-97.00,-97.00,-180,-137
7.16,0.03,0.30,0.70,-90.00,-90.00,-176,-133
6.65,0.06,0.70,1.04,-88.00,-88.00,-172,-129
6.00,0.08,1.08,1.38,-78.00,-78.00,-167,-124
5.20,0.10,1.45,1.72,-66.00,-66.00,-162,-119
4.79,0.12,1.75,2.00,-68.00,-68.00,-157,-115
4.28,0.14,2.08,2.28,-64.00,-64.00,-152,-110
3.98,0.16,2.32,2.50,-73.00,-73.00,-147,-105
3.71,0.17,2.57,2.73,-76.00,-76.00,-142,-100
3.38,0.19,2.79,2.93,-75.00,-75.00,-137,-95
3.32,0.20,3.01,3.16,-90.00,-90.00,-132,-89
3.10,0.21,3.18,3.32,-88.00,-88.00,-126,-84
2.64,0.23,3.41,3.54,-70.00,-70.00,-121,-78
2.29,0.24,3.67,3.76,-88.00,-88.00,-115,-72
1.61,0.25,3.87,3.90,-70.00,-70.00,-109,-67
1.23,0.27,4.10,4.13,-75.00,-75.00,-102,-60
0.69,0.28,4.31,4.29,-68.00,-68.00,-96,-54
0.39,0.29,4.55,4.48,-71.00,-71.00,-88,-48
-0.05,0.30,4.73,4.60,-68.00,-68.00,-82,-41
-0.88,0.32,4.97,4.78,-52.00,-52.00,-74,-35
-1.44,0.33,5.14,4.92,-47.00,-47.00,-67,-28
-2.01,0.34,5.34,5.05,-44.00,-44.00,-60,-22
-2.97,0.34,5.47,5.12,32.00,32.00,-53,-16
-3.40,0.35,5.59,5.20,32.00,32.00,-46,-10
-3.81,0.35,5.60,5.18,34.00,34.00,-40,-5
-4.34,0.35,5.59,5.14,0.00,0.00,-34,0
-3.83,0.35,5.58,5.05,-68.00,-68.00,-28,4
-3.30,0.35,5.59,5.02,-90.00,-90.00,-22,9
-3.46,0.35,5.63,5.02,-93.00,-93.00,-16,14
-4.08,0.34,5.61,4.99,-60.00,-60.00,-10,19
-4.45,0.35,5.74,5.04,-60.00,-60.00,-3,25
-4.91,0.35,5.83,5.06,-52.00,-52.00,3,31
-5.44,0.36,5.92,5.13,-41.00,-41.00,10,37
-6.14,0.36,5.97,5.16,30.00,30.00,17,42
-6.41,0.36,6.04,5.17,-31.00,-31.00,24,48
-6.76,0.36,6.00,5.13,-30.00,-30.00,30,53
-7.12,0.36,6.00,5.11,31.00,31.00,36,58
-7.41,0.36,5.95,5.03,32.00,32.00,42,62
-7.74,0.35,5.87,4.93,35.00,35.00,47,67
-7.69,0.34,5.71,4.82,-40.00,-40.00,52,71
-7.69,0.34,5.60,4.72,-46.00,-46.00,56,75
-7.75,0.33,5.46,4.63,-48.00,-48.00,61,79
-7.76,0.32,5.39,4.57,-54.00,-54.00,66,83
-8.14,0.32,5.35,4.47,-36.00,-36.00,71,87
-8.67,0.32,5.34,4.40,0.00,0.00,77,91
-9.17,0.32,5.36,4.34,0.00,0.00,82,95
-9.87,0.31,5.30,4.22,68.00,68.00,87,98
-10.51,0.30,5.19,4.08,88.00,88.00,92,101
-10.62,0.29,4.98,3.86,73.00,73.00,95,103
-9.67,0.27,4.72,3.60,0.00,0.00,97,104
-8.94,0.25,4.47,3.31,-63.00,-63.00,99,104
-8.27,0.24,4.26,3.02,-84.00,-84.00,102,105
-7.77,0.23,4.12,2.84,-101.00,-101.00,105,106
-8.40,0.22,4.04,2.77,-52.00,-52.00,109,109
-9.33,0.22,3.97,2.68,52.00,52.00,112,111
-10.16,0.21,3.90,2.63,79.00,79.00,116,113
-10.38,0.20,3.77,2.46,75.00,75.00,118,114
-10.46,0.19,3.66,2.22,64.00,64.00,121,114
-10.00,0.18,3.41,1.99,36.00,36.00,122,114
-9.73,0.16,3.14,1.77,0.00,0.00,123,113
-9.68,0.14,2.85,1.57,42.00,42.00,123,113
-9.68,0.13,2.61,1.39,49.00,49.00,123,113
-9.85,0.12,2.33,1.25,60.00,60.00,123,113
-9.94,0.10,2.07,1.12,67.00,67.00,123,113
-10.07,0.09,1.84,0.99,76.00,76.00,122,113
-10.27,0.08,1.59,0.87,87.00,87.00,122,112
-10.49,0.06,1.31,0.68,97.00,97.00,120,111
-10.23,0.05,1.01,0.52,88.00,88.00,119,110
-9.86,0.03,0.72,0.28,78.00,78.00,116,108
-9.59,0.01,0.41,0.00,75.00,75.00,114,106
-9.19,-0.00,0.11,-0.21,70.00,70.00,111,104
-9.03,-0.02,-0.17,-0.43,75.00,75.00,108,101
-8.73,-0.04,-0.46,-0.63,72.00,72.00,105,99
-8.38,-0.05,-0.72,-0.82,68.00,68.00,102,96
-7.90,-0.07,-0.98,-1.03,60.00,60.00,98,93
-7.42,-0.08,-1.20,-1.22,52.00,52.00,95,89
-7.14,-0.09,-1.43,-1.40,45.00,45.00,91,87
-7.01,-0.10,-1.62,-1.57,62.00,62.00,88,83
-6.74,-0.11,-1.77,-1.67,58.00,58.00,85,81
-6.64,-0.12,-1.90,-1.81,66.00,66.00,81,77
-6.34,-0.13,-2.04,-1.92,61.00,61.00,78,74
-5.92,-0.14,-2.17,-2.04,52.00,52.00,74,71
-5.69,-0.14,-2.31,-2.14,54.00,54.00,71,68
-5.33,-0.15,-2.41,-2.26,156.00,156.00,67,64
-4.63,-0.16,-2.55,-2.37,123.00,123.00,63,60
-3.33,-0.18,-2.85,-2.63,62.00,62.00,57,55
-1.93,-0.19,-3.11,-2.89,-45.00,-45.00,51,50
-0.56,-0.21,-3.37,-3.15,-83.00,-83.00,45,44
0.59,-0.22,-3.48,-3.24,-118.00,-118.00,41,40
0.51,-0.22,-3.47,-3.18,-80.00,-80.00,37,38
-0.40,-0.21,-3.32,-2.99,46.00,46.00,35,36
-1.28,-0.19,-3.14,-2.82,75.00,75.00,34,35
-2.46,-0.19,-3.02,-2.70,115.00,115.00,32,33
-2.11,-0.18,-2.95,-2.65,82.00,82.00,29,31
-1.83,-0.18,-2.94,-2.65,46.00,46.00,26,28
-1.72,-0.18,-2.96,-2.67,48.00,48.00,23,25
-1.52,-0.19,-3.04,-2.68,40.00,40.00,19,22
-1.24,-0.19,-3.07,-2.70,-33.00,-33.00,15,19
-0.95,-0.19,-3.12,-2.72,0.00,0.00,12,16
-0.62,-0.19,-3.07,-2.66,-52.00,-52.00,9,14
-0.94,-0.18,-3.03,-2.58,0.00,0.00,6,12
-1.50,-0.18,-3.01,-2.49,63.00,63.00,3,10
-2.13,-0.18,-2.99,-2.43,85.00,85.00,0,8
-2.07,-0.18,-3.00,-2.45,68.00,68.00,-2,5
-1.62,-0.18,-2.99,-2.47,36.00,36.00,-5,3
-1.44,-0.18,-3.02,-2.46,41.00,41.00,-9,0
-1.35,-0.18,-3.08,-2.50,46.00,46.00,-13,-2
-0.91,-0.18,-3.09,-2.52,-32.00,-32.00,-16,-5
-0.55,-0.18,-3.05,-2.54,0.00,0.00,-19,-8
-0.30,-0.18,-3.01,-2.50,0.00,0.00,-21,-10
-0.14,-0.17,-2.92,-2.44,0.00,0.00,-24,-12
-0.09,-0.17,-2.87,-2.39,0.00,0.00,-26,-14
-0.17,-0.16,-2.77,-2.29,0.00,0.00,-28,-16
-0.34,-0.16,-2.71,-2.21,42.00,42.00,-30,-17
-0.53,-0.15,-2.63,-2.10,52.00,52.00,-32,-18
-0.90,-0.15,-2.58,-2.04,70.00,70.00,-35,-20
-0.67,-0.15,-2.51,-1.95,42.00,42.00,-37,-21
-0.31,-0.14,-2.50,-1.95,33.00,33.00,-39,-23
0.19,-0.14,-2.49,-1.92,0.00,0.00,-42,-25
0.71,-0.14,-2.43,-1.89,-60.00,-60.00,-44,-27
1.13,-0.14,-2.38,-1.82,-71.00,-71.00,-45,-28
1.52,-0.13,-2.21,-1.64,-84.00,-84.00,-46,-28
0.48,-0.11,-1.99,-1.48,37.00,37.00,-46,-28
-0.03,-0.10,-1.79,-1.30,54.00,54.00,-46,-27
-0.40,-0.09,-1.63,-1.20,56.00,56.00,-47,-28
-0.11,-0.09,-1.52,-1.13,0.00,0.00,-47,-28
0.19,-0.08,-1.37,-1.08,-47.00,-47.00,-47,-29
0.49,-0.07,-1.23,-0.98,-59.00,-59.00,-47,-29
0.70,-0.06,-1.06,-0.83,-62.00,-62.00,-46,-28
0.64,-0.05,-0.91,-0.65,-57.00,-57.00,-46,-27
0.39,-0.04,-0.72,-0.54,-47.00,-47.00,-45,-27
0.01,-0.03,-0.51,-0.39,-43.00,-43.00,-43,-26
-0.26,-0.02,-0.34,-0.23,-34.00,-34.00,-42,-25
-0.45,-0.01,-0.16,-0.14,-35.00,-35.00,-40,-24
-0.66,0.00,0.00,0.00,-32.00,-32.00,-39,-23
-0.71,0.00,0.12,0.00,-35.00,-35.00,-38,-22
-0.85,0.01,0.23,0.00,-35.00,-35.00,-37,-21
-0.92,0.01,0.30,0.00,-36.00,-36.00,-36,-20
-0.96,0.01,0.39,0.00,-38.00,-38.00,-35,-19
-0.93,0.01,0.44,0.00,-43.00,-43.00,-34,-18
-0.95,0.02,0.47,0.00,-41.00,-41.00,-33,-17
-0.96,0.02,0.52,0.00,-45.00,-45.00,-32,-16
-0.92,0.02,0.56,0.00,-47.00,-47.00,-31,-15
-0.93,0.02,0.58,0.12,-50.00,-50.00,-30,-14
-1.05,0.03,0.61,0.20,-47.00,-47.00,-29,-13
-1.13,0.03,0.65,0.30,-45.00,-45.00,-28,-12
-1.31,0.03,0.70,0.37,-43.00,-43.00,-27,-11
-1.50,0.04,0.75,0.45,-38.00,-38.00,-25,-9
-1.56,0.04,0.77,0.52,-39.00,-39.00,-24,-8
-1.75,0.05,0.81,0.59,-37.00,-37.00,-23,-7
-1.83,0.05,0.83,0.63,-37.00,-37.00,-22,-6
-1.94,0.05,0.84,0.66,-36.00,-36.00,-21,-5
-1.96,0.05,0.85,0.69,-37.00,-37.00,-20,-4
-1.94,0.05,0.86,0.69,-39.00,-39.00,-19,-3
-1.95,0.05,0.87,0.69,-42.00,-42.00,-18,-3
-1.96,0.05,0.88,0.70,-41.00,-41.00,-17,-2
-2.07,0.05,0.89,0.70,-38.00,-38.00,-16,-1
-2.08,0.05,0.89,0.67,-40.00,-40.00,-15,0
-2.16,0.05,0.90,0.68,-37.00,-37.00,-14,0
-2.26,0.05,0.90,0.68,-36.00,-36.00,-13,0
-2.41,0.05,0.91,0.69,-31.00,-31.00,-12,1
-2.54,0.05,0.94,0.66,0.00,0.00,-11,2
-2.57,0.05,0.94,0.65,0.00,0.00,-10,2
-2.47,0.05,0.92,0.60,-38.00,-38.00,-9,2
-2.37,0.05,0.92,0.54,-44.00,-44.00,-8,2
-2.28,0.05,0.90,0.49,-45.00,-45.00,-8,2
-2.40,0.04,0.88,0.46,-38.00,-38.00,-7,2
-2.37,0.04,0.89,0.44,-39.00,-39.00,-6,3
-2.43,0.04,0.92,0.42,-37.00,-37.00,-5,3
-2.62,0.04,0.92,0.40,-30.00,-30.00,-3,3
-2.70,0.04,0.92,0.39,0.00,0.00,-2,3
-2.79,0.04,0.94,0.37,0.00,0.00,-1,4
-2.75,0.04,0.90,0.33,0.00,0.00,-1,4
-2.76,0.04,0.86,0.30,0.00,0.00,0,4
-2.74,0.03,0.77,0.27,0.00,0.00,0,4
-2.74,0.03,0.69,0.24,0.00,0.00,0,4
-2.78,0.03,0.63,0.22,0.00,0.00,0,4
-2.85,0.02,0.56,0.20,0.00,0.00,0,4
-2.95,0.02,0.51,0.18,0.00,0.00,0,4
-3.06,0.02,0.46,0.16,45.00,45.00,0,4
-3.19,0.02,0.41,0.12,52.00,52.00,0,3
-3.37,0.01,0.32,0.00,60.00,60.00,-1,3
-3.60,0.01,0.17,0.00,72.00,72.00,-2,2
-3.26,-0.00,0.00,-0.12,41.00,41.00,-3,1
-2.85,-0.01,0.00,-0.23,32.00,32.00,-5,0
-2.56,-0.02,-0.14,-0.32,30.00,30.00,-6,-1
-2.14,-0.02,-0.26,-0.38,0.00,0.00,-7,-2
-1.83,-0.02,-0.31,-0.44,-50.00,-50.00,-8,-3
-1.70,-0.03,-0.33,-0.47,-45.00,-45.00,-9,-4
-1.65,-0.02,-0.27,-0.42,-44.00,-44.00,-8,-3
-1.70,-0.02,-0.20,-0.31,-41.00,-41.00,-8,-3
-1.91,-0.01,0.00,-0.23,-33.00,-33.00,-7,-2
-2.29,-0.01,0.00,-0.16,0.00,0.00,-6,-2
-2.54,0.00,0.00,0.00,48.00,48.00,-5,-1
-2.81,0.00,0.00,0.00,54.00,54.00,-4,-1
-2.90,0.00,0.00,0.00,55.00,55.00,-5,-2
-2.44,0.00,0.00,0.00,0.00,0.00,-5,-2
-2.18,0.00,0.00,0.00,0.00,0.00,-5,-3
-1.96,0.00,0.00,0.00,-47.00,-47.00,-5,-3
-1.89,0.00,0.00,0.00,-45.00,-45.00,-5,-3
-1.82,0.00,0.00,0.00,-46.00,-46.00,-5,-3
-1.79,0.00,0.00,0.00,-49.00,-49.00,-4,-2
-2.22,0.00,0.00,0.00,0.00,0.00,-4,-1
-2.43,0.00,0.00,0.00,0.00,0.00,-3,-1
-2.56,0.00,0.00,0.00,0.00,0.00,-3,-1
-2.59,0.00,0.00,0.00,0.00,0.00,-3,-1
-2.52,0.00,0.00,0.00,0.00,0.00,-3,-1
-2.44,0.00,0.00,0.00,0.00,0.00,-3,-1
-2.40,0.00,0.00,0.00,0.00,0.00,-3,-1
-2.38,0.00,0.00,0.00,0.00,0.00,-3,-1
-2.38,0.00,0.00,0.00,0.00,0.00,-3,-1
-2.40,0.00,0.00,0.00,0.00,0.00,-3,-1
-2.43,0.00,0.00,0.00,0.00,0.00,-3,-1
-2.47,0.00,0.00,0.00,0.00,0.00,-3,-1
-2.52,0.00,0.00,0.00,0.00,0.00,-3,-1
-2.59,0.00,0.00,0.00,0.00,0.00,-3,-1
-2.66,0.00,0.00,0.00,42.00,42.00,-3,-1
-2.66,0.00,0.00,0.00,41.00,41.00,-3,-1
-2.70,0.00,0.00,0.00,44.00,44.00,-3,-1
-2.76,0.00,0.00,0.00,44.00,44.00,-4,-1
-2.52,0.00,0.00,0.00,0.00,0.00,-5,-2
-2.44,0.00,0.00,0.00,0.00,0.00,-5,-2
-2.51,0.00,0.00,0.00,38.00,38.00,-5,-2
-2.35,0.00,0.00,0.00,0.00,0.00,-6,-2
-2.38,0.00,0.00,0.00,0.00,0.00,-6,-2
-2.45,0.00,0.00,0.00,0.00,0.00,-6,-2
-2.42,0.00,0.00,0.00,0.00,0.00,-6,-2
-2.46,0.00,0.00,0.00,0.00,0.00,-6,-2
-2.43,0.00,0.00,0.00,0.00,0.00,-6,-2
-2.42,0.00,0.00,0.00,0.00,0.00,-6,-2
-2.40,0.00,0.00,0.00,0.00,0.00,-6,-2
-2.36,0.00,0.00,0.00,0.00,0.00,-6,-2
-2.31,0.00,0.00,0.00,0.00,0.00,-6,-2
-2.26,0.00,0.00,0.00,0.00,0.00,-6,-2
-2.20,0.00,0.00,0.00,0.00,0.00,-6,-2
-2.13,0.00,0.00,0.00,0.00,0.00,-6,-2
-2.05,0.00,0.00,0.00,-39.00,-39.00,-6,-2
-1.96,0.00,0.00,0.00,-43.00,-43.00,-6,-2
-1.90,0.00,0.00,0.00,-45.00,-45.00,-5,-2
-1.86,0.00,0.00,0.00,-48.00,-48.00,-4,-1
-2.05,0.00,0.00,0.00,-36.00,-36.00,-3,0
-2.44,0.00,0.00,0.00,0.00,0.00,-3,0
-2.69,0.00,0.00,0.00,50.00,50.00,-2,0
-2.73,0.00,0.00,0.00,46.00,46.00,-2,0
-2.66,0.00,0.00,0.00,37.00,37.00,-2,0
-2.36,0.00,0.00,0.00,0.00,0.00,-3,0
-2.19,0.00,0.00,0.00,-42.00,-42.00,-3,0
-2.12,0.00,0.00,0.00,-41.00,-41.00,-4,0
-2.19,0.00,0.00,0.00,-35.00,-35.00,-3,0
-2.39,0.00,0.00,0.00,0.00,0.00,-3,0
-2.54,0.00,0.00,0.00,0.00,0.00,-2,1
-2.84,0.00,0.00,0.00,52.00,52.00,-2,1
-2.99,0.00,0.00,0.00,53.00,53.00,-2,0
-3.09,0.00,0.00,0.00,58.00,58.00,-3,0
-2.59,0.00,0.00,0.00,30.00,30.00,-4,-1
-2.34,0.00,0.00,0.00,0.00,0.00,-5,-1
-2.18,0.00,0.00,0.00,0.00,0.00,-5,-2
-2.17,0.00,0.00,0.00,0.00,0.00,-5,-3
-2.31,0.00,0.00,0.00,0.00,0.00,-6,-3
-2.36,0.00,0.00,0.00,0.00,0.00,-6,-3
-2.45,0.00,0.00,0.00,0.00,0.00,-6,-3
-2.51,0.00,0.00,0.00,40.00,40.00,-6,-3
-2.46,0.00,0.00,0.00,0.00,0.00,-6,-3
-2.49,0.00,0.00,0.00,37.00,37.00,-6,-3
-2.40,0.00,0.00,0.00,0.00,0.00,-6,-3
-2.38,0.00,0.00,0.00,0.00,0.00,-6,-3
-2.32,0.00,0.00,0.00,0.00,0.00,-6,-3
-2.25,0.00,0.00,0.00,0.00,0.00,-6,-3
-2.17,0.00,0.00,0.00,0.00,0.00,-6,-3
-2.07,0.00,0.00,0.00,-38.00,-38.00,-6,-3
-1.94,0.00,0.00,0.00,-43.00,-43.00,-5,-3
-1.81,0.00,0.00,0.00,-48.00,-48.00,-5,-3
-1.73,0.00,0.00,0.00,-52.00,-52.00,-5,-2
-1.67,0.00,0.00,0.00,-53.00,-53.00,-3,-1
-2.18,0.00,0.00,0.00,37.00,37.00,-3,0
-2.53,0.00,0.00,0.00,0.00,0.00,-2,0
-2.67,0.00,0.00,0.00,0.00,0.00,-1,0
-2.70,0.00,0.00,0.00,42.00,42.00,-1,0
-2.64,0.00,0.00,0.00,0.00,0.00,-2,0
-2.61,0.00,0.00,0.00,0.00,0.00,-2,0
-2.62,0.00,0.00,0.00,0.00,0.00,-2,0
-2.68,0.00,0.00,0.00,41.00,41.00,-2,0
-2.80,0.00,0.00,0.00,46.00,46.00,-2,0
-2.84,0.00,0.00,0.00,47.00,47.00,-3,0
-2.74,0.00,0.00,0.00,43.00,43.00,-3,0
-2.79,0.00,0.00,0.00,42.00,42.00,-4,0
-2.78,0.00,0.00,0.00,44.00,44.00,-4,-1
-2.70,0.00,0.00,0.00,39.00,39.00,-5,-1
-2.63,0.00,0.00,0.00,37.00,37.00,-5,-2
-2.51,0.00,0.00,0.00,33.00,33.00,-6,-2
-2.43,0.00,0.00,0.00,0.00,0.00,-6,-3
-2.49,0.00,0.00,0.00,37.00,37.00,-6,-3
-2.45,0.00,0.00,0.00,0.00,0.00,-6,-3
-2.51,0.00,0.00,0.00,40.00,40.00,-6,-4
-2.42,0.00,0.00,0.00,0.00,0.00,-6,-4
-2.47,0.00,0.00,0.00,37.00,37.00,-6,-4
-2.44,0.00,0.00,0.00,0.00,0.00,-6,-4
-2.39,0.00,0.00,0.00,0.00,0.00,-6,-4
-2.30,0.00,0.00,0.00,0.00,0.00,-6,-4
-2.18,0.00,0.00,0.00,0.00,0.00,-6,-4
-2.06,0.00,0.00,0.00,0.00,0.00,-6,-4
-1.92,0.00,0.00,0.00,-45.00,-45.00,-6,-4
-1.76,0.00,0.00,0.00,-51.00,-51.00,-6,-3
-1.56,0.00,0.00,0.00,-59.00,-59.00,-5,-3
-1.36,0.00,0.00,0.00,-67.00,-67.00,-4,-2
-1.85,0.00,0.12,0.00,30.00,30.00,-3,-1
-2.20,0.01,0.20,0.00,37.00,37.00,-2,0
-2.37,0.01,0.23,0.00,0.00,0.00,-2,0
-2.57,0.01,0.23,0.00,0.00,0.00,-1,0
-2.40,0.01,0.18,0.00,0.00,0.00,-2,0
-2.28,0.01,0.17,0.00,-39.00,-39.00,-2,0
-2.21,0.00,0.15,0.00,-40.00,-40.00,-2,0
-2.20,0.01,0.16,0.00,-39.00,-39.00,-1,0
-2.21,0.01,0.17,0.00,-38.00,-38.00,-1,1
-2.41,0.01,0.22,0.00,0.00,0.00,0,2
-2.77,0.01,0.20,0.00,0.00,0.00,0,2
-2.98,0.01,0.18,0.00,52.00,52.00,0,2
-3.10,0.00,0.13,0.00,54.00,54.00,-1,2
-3.31,0.00,0.00,0.00,66.00,66.00,-1,1
-2.59,0.00,0.00,0.00,0.00,0.00,-2,0
-2.40,0.00,0.00,0.00,0.00,0.00,-3,0
-2.32,0.00,0.00,0.00,0.00,0.00,-4,-1
-2.44,0.00,0.00,0.00,0.00,0.00,-4,-1
-2.69,0.00,0.00,0.00,49.00,49.00,-5,-2
-2.92,0.00,0.00,0.00,58.00,58.00,-5,-2
-2.93,0.00,0.00,0.00,48.00,48.00,-5,-2
-3.05,0.00,0.00,0.00,55.00,55.00,-6,-3
-2.86,0.00,0.00,0.00,42.00,42.00,-6,-4
-2.69,0.00,0.00,0.00,37.00,37.00,-7,-5
-2.40,0.00,0.00,0.00,0.00,0.00,-7,-5
-2.29,0.00,0.00,0.00,0.00,0.00,-7,-6
-2.31,0.00,0.00,0.00,0.00,0.00,-7,-6
-2.26,0.00,0.00,0.00,0.00,0.00,-7,-6
-2.18,0.00,0.00,0.00,0.00,0.00,-7,-6
-1.99,0.00,0.00,0.00,0.00,0.00,-7,-6
-1.80,0.00,0.00,0.00,-48.00,-48.00,-7,-6
-1.52,0.00,0.00,0.00,-60.00,-60.00,-7,-5
-1.17,0.00,0.00,0.00,-74.00,-74.00,-6,-5
-1.00,0.01,0.12,0.12,-81.00,-81.00,-5,-3
-1.50,0.02,0.25,0.23,-42.00,-42.00,-3,-2
-1.99,0.03,0.39,0.39,-32.00,-32.00,-2,0
-2.59,0.03,0.54,0.50,0.00,0.00,0,1
-3.10,0.04,0.63,0.61,0.00,0.00,1,2
-3.52,0.04,0.71,0.65,64.00,64.00,3,4
-3.82,0.05,0.71,0.68,68.00,68.00,3,4
-3.80,0.04,0.62,0.59,63.00,63.00,3,4
-3.41,0.03,0.46,0.48,38.00,38.00,2,4
-2.95,0.02,0.34,0.38,0.00,0.00,1,3
-2.61,0.02,0.24,0.27,0.00,0.00,0,2
-2.43,0.01,0.17,0.20,-44.00,-44.00,0,2
-2.66,0.01,0.13,0.16,0.00,0.00,0,2
-2.85,0.00,0.00,0.14,48.00,48.00,0,2
-3.18,0.00,0.00,0.00,62.00,62.00,0,1
-3.39,0.00,0.00,0.00,69.00,69.00,-1,1
-2.82,-0.00,-0.12,0.00,31.00,31.00,-2,0
-2.50,-0.01,-0.18,0.00,0.00,0.00,-3,-1
-2.39,-0.01,-0.23,0.00,0.00,0.00,-4,-2
-2.41,-0.01,-0.26,0.00,0.00,0.00,-5,-2
-2.55,-0.01,-0.30,0.00,45.00,45.00,-5,-3
-2.51,-0.01,-0.30,0.00,41.00,41.00,-5,-3
-2.50,-0.01,-0.27,0.00,39.00,39.00,-5,-4
-2.40,-0.01,-0.26,0.00,35.00,35.00,-6,-4
-2.49,-0.01,-0.26,0.00,40.00,40.00,-6,-4
-2.48,-0.01,-0.23,0.00,39.00,39.00,-6,-4
-2.45,-0.01,-0.21,0.00,35.00,35.00,-6,-5
-2.39,-0.01,-0.19,0.00,0.00,0.00,-6,-5
-2.35,-0.01,-0.17,0.00,0.00,0.00,-6,-5
-2.23,-0.01,-0.15,0.00,0.00,0.00,-6,-5
-2.12,-0.00,-0.14,0.00,0.00,0.00,-6,-5
-1.97,-0.00,-0.12,0.00,-42.00,-42.00,-6,-5
-1.85,0.00,0.00,0.00,-48.00,-48.00,-6,-5
-1.69,0.00,0.00,0.00,-54.00,-54.00,-5,-5
-1.43,0.00,0.00,0.00,-65.00,-65.00,-4,-4
-1.77,0.00,0.12,0.00,-45.00,-45.00,-3,-3
-2.29,0.01,0.18,0.00,0.00,0.00,-2,-2
-2.67,0.01,0.26,0.00,0.00,0.00,-1,-1
-2.94,0.01,0.30,0.00,53.00,53.00,-1,0
-3.19,0.01,0.30,0.00,58.00,58.00,0,0
-2.94,0.01,0.27,0.00,36.00,36.00,-1,0
-2.61,0.01,0.16,0.00,0.00,0.00,-1,0
-2.38,0.00,0.00,0.00,0.00,0.00,-2,0
-2.22,0.00,0.00,0.00,-41.00,-41.00,-2,0
-2.16,0.00,0.00,0.00,-40.00,-40.00,-2,0
-2.12,0.00,0.00,0.00,-41.00,-41.00,-2,0
-2.26,0.00,0.00,0.00,-31.00,-31.00,-1,0
-2.57,0.00,0.00,0.00,0.00,0.00,-1,1
-2.70,0.00,0.00,0.00,44.00,44.00,0,1
-2.78,0.00,0.00,0.00,43.00,43.00,0,1
-2.86,0.00,0.00,0.00,46.00,46.00,-1,0
-2.99,0.00,0.00,0.00,51.00,51.00,-2,0
-2.74,-0.00,-0.12,0.00,36.00,36.00,-3,-1
-2.40,-0.01,-0.18,0.00,0.00,0.00,-3,-1
-2.23,-0.01,-0.23,0.00,0.00,0.00,-4,-2
-2.18,-0.01,-0.26,0.00,0.00,0.00,-5,-3
-2.26,-0.01,-0.28,0.00,0.00,0.00,-5,-3
-2.34,-0.01,-0.27,0.00,0.00,0.00,-5,-3
-2.46,-0.01,-0.25,0.00,40.00,40.00,-5,-3
-2.36,-0.01,-0.22,0.00,0.00,0.00,-5,-3
-2.38,-0.01,-0.20,0.00,0.00,0.00,-5,-3
-2.29,-0.01,-0.18,0.00,0.00,0.00,-5,-3
-2.26,-0.01,-0.16,0.00,0.00,0.00,-5,-3
-2.16,-0.00,-0.15,0.00,0.00,0.00,-5,-3
-2.05,-0.00,-0.13,0.00,0.00,0.00,-5,-3
-1.94,-0.00,-0.12,0.00,-43.00,-43.00,-5,-3
-1.81,-0.00,-0.11,0.00,-47.00,-47.00,-5,-3
-1.63,0.00,0.00,0.00,-56.00,-56.00,-5,-3
-1.52,0.00,0.00,0.00,-60.00,-60.00,-4,-2
-2.02,0.00,0.14,0.00,-32.00,-32.00,-3,-1
-2.38,0.01,0.22,0.00,0.00,0.00,-2,0
-2.58,0.01,0.27,0.00,0.00,0.00,-1,0
-2.69,0.01,0.31,0.00,0.00,0.00,0,0
-2.64,0.01,0.31,0.00,0.00,0.00,0,1
-2.52,0.01,0.32,0.00,0.00,0.00,0,1
-2.43,0.01,0.29,0.00,0.00,0.00,0,1
-2.44,0.01,0.26,0.00,0.00,0.00,0,1
-2.46,0.01,0.21,0.00,0.00,0.00,0,1
-2.49,0.01,0.19,0.00,0.00,0.00,0,1
-2.55,0.01,0.17,0.00,0.00,0.00,0,1
-2.64,0.01,0.15,0.00,0.00,0.00,0,1
-2.76,0.00,0.14,0.00,0.00,0.00,0,1
-2.90,0.00,0.13,0.00,47.00,47.00,0,1
-3.01,0.00,0.11,0.00,52.00,52.00,0,0
-3.16,0.00,0.00,0.00,60.00,60.00,-1,0
-3.20,0.00,0.00,0.00,52.00,52.00,-2,0
-2.69,-0.00,-0.12,0.00,-30.00,-30.00,-3,-1
-2.48,-0.01,-0.18,0.00,0.00,0.00,-4,-2
-2.37,-0.01,-0.21,0.00,0.00,0.00,-4,-3
-2.43,-0.01,-0.21,0.00,0.00,0.00,-4,-3
-2.60,-0.01,-0.21,0.00,47.00,47.00,-5,-3
-2.80,-0.01,-0.19,0.00,55.00,55.00,-5,-3
-2.75,-0.01,-0.24,0.00,45.00,45.00,-5,-4
-2.45,-0.01,-0.22,0.00,-31.00,-31.00,-5,-4
-2.36,-0.01,-0.22,0.00,0.00,0.00,-6,-4
-2.34,-0.01,-0.20,0.00,0.00,0.00,-6,-4
-2.26,-0.01,-0.18,0.00,0.00,0.00,-6,-4
-2.19,-0.01,-0.16,0.00,0.00,0.00,-6,-4
-2.04,-0.00,-0.15,0.00,0.00,0.00,-6,-4
-1.79,-0.00,-0.13,0.00,-50.00,-50.00,-6,-4
-1.54,0.00,0.00,0.00,-60.00,-60.00,-5,-4
-1.26,0.00,0.00,0.00,-71.00,-71.00,-5,-4
-1.02,0.01,0.12,0.12,-82.00,-82.00,-3,-2
-1.67,0.02,0.23,0.25,-34.00,-34.00,-2,-1
-2.12,0.02,0.36,0.36,33.00,33.00,0,0
-2.51,0.03,0.48,0.47,0.00,0.00,0,1
-2.86,0.03,0.55,0.52,0.00,0.00,2,2
-3.01,0.04,0.56,0.52,0.00,0.00,2,3
-3.10,0.03,0.56,0.49,0.00,0.00,3,3
-3.03,0.03,0.52,0.49,0.00,0.00,3,3
-3.05,0.03,0.45,0.44,0.00,0.00,3,3
-3.12,0.03,0.40,0.40,42.00,42.00,3,3
-3.23,0.02,0.36,0.36,49.00,49.00,3,3
-3.40,0.02,0.28,0.27,59.00,59.00,2,3
-3.53,0.01,0.16,0.17,67.00,67.00,1,2
-3.30,0.00,0.00,0.00,45.00,45.00,0,1
-2.95,-0.01,-0.12,-0.12,35.00,35.00,-1,0
-2.63,-0.02,-0.25,-0.23,30.00,30.00,-2,-1
-2.47,-0.02,-0.37,-0.32,31.00,31.00,-4,-2
-2.12,-0.03,-0.47,-0.39,0.00,0.00,-5,-3
-1.91,-0.03,-0.52,-0.44,0.00,0.00,-6,-4
-1.90,-0.03,-0.51,-0.44,0.00,0.00,-7,-4
-1.82,-0.03,-0.51,-0.45,0.00,0.00,-7,-5
-1.90,-0.03,-0.46,-0.43,0.00,0.00,-7,-5
-1.93,-0.03,-0.42,-0.38,0.00,0.00,-7,-5
-1.98,-0.02,-0.37,-0.35,0.00,0.00,-7,-5
-1.89,-0.02,-0.34,-0.31,0.00,0.00,-7,-5
-1.81,-0.02,-0.30,-0.28,-40.00,-40.00,-7,-5
-1.75,-0.02,-0.25,-0.25,-44.00,-44.00,-7,-5
-1.65,-0.01,-0.20,-0.20,-50.00,-50.00,-7,-5
-1.43,-0.01,-0.13,-0.14,-60.00,-60.00,-6,-4
-1.22,0.00,0.00,0.00,-71.00,-71.00,-4,-3
-2.12,0.00,0.14,0.00,39.00,39.00,-3,-2
-2.58,0.01,0.22,0.00,0.00,0.00,-2,-2
-2.92,0.01,0.25,0.00,57.00,57.00,-2,-1
-2.41,0.01,0.27,0.00,0.00,0.00,-1,-1
-2.04,0.01,0.24,0.00,-56.00,-56.00,-1,-1
-1.71,0.01,0.22,0.00,-66.00,-66.00,-1,-1
-1.42,0.01,0.27,0.00,-75.00,-75.00,0,0
-2.02,0.01,0.29,0.00,30.00,30.00,0,0
-2.30,0.01,0.33,0.00,33.00,33.00,0,1
-2.45,0.01,0.30,0.00,0.00,0.00,0,2
-2.43,0.01,0.25,0.00,0.00,0.00,0,2
-2.31,0.01,0.20,0.00,-41.00,-41.00,0,2
-2.25,0.01,0.20,0.00,-42.00,-42.00,0,2
-2.15,0.01,0.20,0.00,-45.00,-45.00,0,2
-2.50,0.01,0.23,0.00,0.00,0.00,0,2
-2.84,0.01,0.21,0.00,49.00,49.00,0,2
-3.01,0.01,0.19,0.00,49.00,49.00,0,2
-3.05,0.00,0.12,0.00,52.00,52.00,0,1
-3.13,0.00,0.00,0.00,50.00,50.00,-1,0
-2.87,0.00,0.00,0.00,34.00,34.00,-1,0
-2.63,-0.00,-0.12,0.00,30.00,30.00,-3,-1
-2.41,-0.01,-0.20,0.00,0.00,0.00,-4,-2
-2.21,-0.01,-0.28,0.00,0.00,0.00,-5,-3
-2.09,-0.01,-0.32,0.00,0.00,0.00,-6,-3
-2.05,-0.01,-0.34,0.00,0.00,0.00,-6,-4
-2.14,-0.01,-0.33,0.00,0.00,0.00,-6,-4
-2.18,-0.01,-0.27,0.00,0.00,0.00,-6,-4
-2.22,-0.01,-0.22,0.00,0.00,0.00